quadrotor_env:
  collect_data: yes
  bounding_box: [87.0444282058796, 47.3307804432067, 46.821611483877156]
  bounding_box_origin: [16.167674800422837, 22.942873287181985, 14.869999121434907]
  sim_dt: 0.1
